 
23.187
22.562
21.937
21.812
21.625
22.312
22.312
22.125
21.687
22.062
22.187
21.937
21.625
23.375
22.437
21.5
20.625
20.75
21.75
21.562
21.437
21.25
21.187
21.062
20.937
21.0
20.937
20.75
20.812
20.687
21.5
21.625
21.75
21.937
21.812
21.812
21.812
21.812
21.75
21.812
21.75
21.812
21.812
21.812
21.812
21.812
21.812
21.812
22.125
21.937
22.25
23.187
27.75
25.0
28.937
28.25
24.312
24.187
23.937
23.187
21.687
21.812
21.75
22.187
22.125
22.0
21.937
21.875
21.75
21.75
21.687
21.625
21.5
21.5
21.437
21.375
21.312
21.312
21.312
21.25
21.187
21.187
21.187
21.062
21.062
21.062
21.062
21.062
21.0
21.0
21.0
21.0
21.0
21.0
21.0
21.0
21.0
21.0
20.937
20.937
20.937
20.875
23.375
23.25
23.0
22.75
22.5
21.125
21.062
21.0
21.0
20.875
20.812
20.625
20.5
20.5
20.5
20.5
20.437
20.437
20.437
20.437
20.375
20.375
20.375
20.437
20.375
20.312
21.5
21.437
21.375
21.375
21.25
21.187
21.312
21.25
21.187
21.187
21.125
21.125
21.125
21.062
20.937
20.875
20.812
20.75
20.75
20.75
20.875
20.812
20.937
20.937
20.875
20.75
20.687
20.687
20.625
20.562
20.562
20.562
20.437
20.437
20.437
20.375
20.25
20.25
20.312
20.25
20.25
20.375
20.625
20.875
21.125
21.187
21.25
21.312
21.25
21.25
21.25
21.187
21.25
21.187
21.187
21.062
21.0
21.062
21.125
21.062
21.0
21.0
21.0
20.937
20.937
20.937
20.937
21.125
21.187
21.25
21.312
21.312
21.375
21.437
21.375
21.437
21.437
21.437
21.437
21.5
21.5
21.5
21.5
21.562
21.562
21.562
21.562
21.625
21.687
21.937
22.25
22.375
22.5
22.75
22.937
23.062
23.187
23.187
23.125
23.125
23.062
22.937
22.75
22.75
22.5
22.5
22.312
22.25
22.312
22.562
22.687
22.75
22.75
22.687
22.625
22.625
22.812
22.812
22.875
22.812
22.687
22.75
22.687
22.687
22.625
22.625
22.625
22.625
22.625
22.625
22.625
22.562
22.625
22.625
22.625
22.625
22.625
22.625
22.687
22.625
22.687
22.687
22.687
22.437
22.25
22.312
22.25
22.187
22.125
22.062
22.5
